2277
32138 12 0
48875 335 1
48700 388 2
80000 388 0
76250 711 0
46713 711 0
48775 1034 2
17800 1034 2
48700 1087 2
76525 1140 2
17800 1193 0
49175 1246 0
49175 1369 0
49325 1422 0
49475 1422 0
49025 1422 0
49250 1475 0
49400 1528 0
49100 1581 0
17725 1634 0
77525 1634 0
17000 1957 0
46900 2280 0
17300 2411 0
17150 2464 0
18500 2464 0
17825 2517 0
7650 2570 0
18800 2623 0
18475 2623 0
17625 2676 0
19075 2676 0
17225 2729 0
17450 2782 0
19200 2782 0
19050 2835 0
19275 2835 0
17300 2835 0
17463 2888 0
19025 2941 0
18875 2994 0
19000 2994 0
14375 3047 0
5050 3100 0
4875 3153 0
14450 3209 0
18150 3209 0
18325 3266 0
7675 3319 0
18000 3372 0
16925 3372 0
18575 3425 0
17975 3478 0
4900 3531 0
17075 3531 0
18375 3584 0
7825 3637 0
18650 3690 0
4975 3690 0
16850 3743 0
17000 4066 2
16650 4066 2
14750 4119 2
17075 4172 2
16850 4225 2
16675 4225 2
16700 4278 2
16925 4278 2
17100 4278 2
16775 4601 2
17000 4601 2
60975 4601 0
70975 4924 0
18725 5247 2
18300 5300 2
76175 5589 0
4183 5642 3
76200 5729 0
48625 5782 2
46625 5782 0
14600 5838 2
14750 5891 2
14600 5964 2
18150 6017 2
18075 6070 2
18225 6070 2
18300 6143 4
18425 6143 4
70400 6466 0
52550 6466 0
61275 6466 0
61100 6466 0
60975 6466 0
54725 6789 0
55950 6842 0
60994 6897 0
61250 6897 0
61213 6951 0
69050 7004 0
70225 7327 0
61400 7380 0
61525 7380 0
73800 7380 0
75400 7703 0
61013 8018 5
52650 8018 6
74450 8071 6
74281 8150 0
70225 8150 0
47575 8250 0
48625 8250 0
46175 8250 0
69175 8250 7
16825 8573 0
7825 8573 0
53838 8896 6
1075 9040 3
50225 9363 7
50775 9363 5
51625 9686 0
52175 9686 0
54075 10009 0
55688 10123 0
67500 10176 0
77050 10176 0
77125 10499 0
76975 10499 0
13775 10722 8
63725 11045 0
70425 11045 0
70475 11368 0
60800 11368 0
54450 11368 0
58875 11368 0
54575 11368 0
70450 11691 0
75325 12014 0
74700 12067 0
63200 12390 0
70700 12390 0
17475 12390 0
17625 12713 0
17900 12713 0
26275 12713 0
65100 13036 0
47975 13036 0
12875 13176 0
47675 13499 6
76825 13499 0
26350 13499 0
70425 13552 0
52650 13605 6
45113 13836 0
71625 13889 0
73000 14212 0
76375 14212 0
13875 14212 0
66275 14212 9
76550 14212 0
48125 14535 0
60800 14535 9
49125 14535 6
60800 14588 9
60625 14588 9
60925 14653 9
62494 14653 9
66275 14941 9
47975 14994 0
45925 15047 0
48600 15047 2
74850 15161 0
43388 15214 4
65931 15214 0
62100 15537 10
61975 15537 10
69175 15602 7
70850 15602 2
69325 15655 5
66350 15708 9
69175 15708 7
72050 16031 0
49750 16354 5
5200 16354 0
46250 16677 0
43300 16677 0
68125 17000 6
48425 17000 6
67375 17000 0
74275 17323 0
76750 17376 2
61800 17699 0
62075 17699 0
77450 17752 0
47150 18075 0
70650 18075 0
59675 18075 0
78750 18075 5
47175 18398 0
22200 18398 0
73525 18721 5
12875 18721 0
6400 18721 0
72075 18721 0
39575 19044 0
37475 19044 0
33925 19367 0
7675 19367 0
73450 19367 5
55500 19367 5
71200 19690 5
62400 19690 5
53875 19846 0
78950 20169 2
66650 20169 0
49125 20169 0
47825 20169 2
6400 20351 0
7175 20351 0
5725 20351 0
6225 20351 0
7375 20351 0
6700 20404 0
5525 20404 0
5375 20404 0
6050 20404 0
13300 20404 0
5900 20404 0
6825 20493 0
7525 20493 0
6700 20493 0
5350 20493 0
7000 20493 0
7150 20493 0
6575 20493 0
6200 20550 0
5925 20550 0
5675 20550 0
7350 20550 0
5800 20550 0
5450 20550 0
6050 20550 0
6550 20550 0
6975 20550 0
7450 20603 0
5600 20603 0
7075 20603 0
5200 20603 0
6475 20603 0
7200 20656 0
6250 20709 0
6125 20709 0
7275 20762 0
7575 20815 0
6325 20868 0
12650 20868 0
6900 20991 0
12425 20991 0
12800 20991 0
12675 20991 0
12550 20991 0
12400 21044 0
12825 21044 0
12075 21044 0
12975 21044 0
13125 21097 0
12375 21097 0
13600 21150 0
13450 21203 0
13150 21203 0
12225 21256 0
12050 21256 0
13375 21309 0
13525 21362 0
12300 21362 0
13050 21415 0
13625 21468 0
13225 21468 0
12900 21468 0
12150 21468 0
5275 21521 0
52400 21574 2
52175 21574 2
52325 21627 2
52475 21627 2
52200 21627 2
41675 21627 2
1250 21627 3
14325 21627 0
8375 21950 4
55575 21950 5
53725 21950 0
62475 21950 0
62875 21950 0
62300 21950 0
53575 22131 0
75825 22131 0
53700 22131 0
52975 22454 0
25325 22454 0
62475 22454 0
25125 22777 0
49675 22777 0
12025 22830 0
75175 23153 0
66700 23153 0
67150 23153 0
52875 23153 0
53175 23376 0
54025 23376 0
79925 23376 0
52900 23376 0
66500 23429 0
66725 23429 0
75000 23429 0
53000 23485 0
52875 23485 0
66875 23485 0
66525 23485 0
74925 23538 0
53025 23538 0
65425 23538 0
72225 23861 0
55050 23861 0
54925 23861 0
3900 23861 3
4125 24184 3
17900 24184 0
14325 24184 0
14750 24184 0
45200 24184 0
64539 24507 0
19838 24507 0
14250 24830 0
17850 24830 0
37700 24830 0
17050 24830 0
72225 25153 0
74875 25153 0
53950 25153 0
60200 25153 0
41825 25153 0
45000 25153 0
42625 25153 0
24575 25153 0
32550 25153 0
42400 25476 0
38150 25476 0
66200 25476 0
57025 25476 0
55375 25476 0
64850 25799 0
62475 25799 0
38400 25799 0
43925 25872 0
33200 25872 0
53025 25872 0
52900 25872 0
38775 25872 0
53950 26195 0
72225 26195 0
79775 26518 0
62475 26518 0
69800 26518 0
74200 26518 0
45000 26650 0
47750 26650 0
58725 26973 0
73000 26973 0
26350 26973 0
46150 26973 0
17475 26973 0
62725 27296 0
52200 27296 6
54875 27349 6
52200 27349 6
48450 27349 6
56400 27672 0
58950 27672 0
1350 27995 3
47000 27995 6
48975 28048 0
42775 28048 0
46350 28101 0
32225 28101 3
41450 28424 0
11875 28424 0
45000 28424 0
62875 28747 0
59500 28747 0
63425 29070 0
43800 29070 0
37775 29393 0
67650 29393 0
24950 29446 0
73975 29499 0
48125 29822 0
69575 29822 0
48300 29822 0
71150 29822 0
69125 29875 0
68975 29928 0
71350 29928 0
71125 29928 0
71325 29981 0
67775 29981 0
80000 29981 0
72250 30034 0
69050 30034 0
71775 30087 0
71900 30087 0
80075 30087 0
69275 30087 0
71625 30160 0
68925 30160 0
71500 30160 0
69050 30160 0
60500 30483 0
69275 30731 0
74125 30731 0
69550 30731 0
69400 30731 0
72150 30784 0
71925 30784 0
71425 30784 0
71125 31107 0
69475 31107 0
47225 31107 6
71700 31107 0
43875 31160 0
47900 31160 0
44925 31160 0
62875 31483 0
39075 31536 0
79750 31536 0
69600 31536 0
45000 31536 0
58925 31536 0
44275 31536 4
56581 31692 0
58750 31692 0
47975 32015 0
48100 32015 0
58900 32015 0
23400 32015 0
44100 32015 0
33500 32338 0
67150 32338 0
8900 32338 4
21275 32338 0
67025 32338 5
76200 32661 0
9000 32661 4
55050 32661 0
77050 32661 0
56250 32984 5
48800 33037 0
72400 33037 0
40825 33360 0
66525 33360 0
44075 33360 0
60350 33360 0
77125 33683 0
53100 33683 0
56575 33683 0
51750 33768 0
50450 34091 0
34675 34091 0
46775 34091 0
22450 34144 0
39225 34467 0
45850 34467 0
59100 34790 0
59275 34790 0
59275 35113 0
73800 35113 0
55225 35113 0
34675 35303 0
51525 35303 0
74575 35303 3
74700 35303 0
41450 35303 0
57025 35626 0
48375 35626 0
64363 35679 0
51750 35679 0
17475 35679 0
8200 35679 0
8075 35679 11
56400 36002 11
41300 36002 0
41175 36002 11
41050 36002 11
76975 36002 0
52188 36002 0
68641 36002 0
77100 36147 0
76975 36147 0
76950 36200 0
11150 36523 0
33125 36523 0
58575 36523 0
74425 36523 0
68200 36523 0
47525 36846 0
17550 36846 0
52725 36846 12
22450 36846 0
38775 36846 0
43725 36846 0
44300 37169 0
43500 37169 0
44075 37169 0
43775 37169 0
43625 37169 0
43900 37169 0
44275 37392 0
44100 37392 0
43975 37392 0
43800 37392 0
43475 37707 0
44475 37707 0
44725 37707 0
38875 37707 0
44600 37707 0
38775 38030 0
38650 38030 0
38900 38030 0
38525 38030 0
45850 38030 0
45725 38353 0
46000 38353 0
45850 38353 0
45575 38353 0
45425 38353 0
68200 38353 0
12025 38676 0
65875 38676 0
79650 38676 0
41450 38676 0
52988 38676 0
76200 38676 0
66925 38676 0
14075 38676 0
79275 38676 0
70925 38676 0
66050 38999 0
56200 38999 0
65925 38999 0
68575 38999 0
63025 38999 0
59275 38999 0
59100 38999 0
59500 38999 0
68725 38999 0
70550 39322 0
11075 39322 0
64525 39322 0
10950 39322 0
58175 39322 0
53200 39645 12
74275 39645 0
51900 39645 6
56875 39645 6
47375 39645 6
52075 39968 6
68900 39968 6
46625 39968 0
52200 39968 6
55325 40291 0
71325 40291 0
1325 40291 3
25125 40614 3
76200 40614 0
22450 40937 0
73275 40937 0
8025 41010 8
8150 41010 8
59950 41333 0
16900 41333 0
59825 41333 0
76050 41333 0
13500 41333 0
59250 41656 0
50450 41656 0
39075 41656 0
78950 41979 2
56425 41979 0
79675 41979 0
27563 41979 0
73075 41979 0
49150 42302 0
24500 42302 0
69800 42302 0
41375 42355 0
54325 42678 0
64675 42678 0
49150 42678 0
73000 42678 0
2050 42678 3
38500 42678 0
55750 43001 0
56725 43001 0
7600 43001 0
34825 43324 0
49525 43324 0
72800 43324 0
1750 43324 3
2500 43324 3
17850 43324 0
37250 43647 0
4125 43647 3
4250 43647 3
4375 43647 3
56800 43647 0
67225 43700 0
62575 44023 5
62450 44023 5
55425 44023 0
71000 44023 0
58250 44023 0
71050 44104 5
71175 44104 5
43208 44104 0
43175 44174 0
43013 44174 0
42900 44497 0
43200 44497 0
43025 44497 0
32625 44497 0
45925 44497 0
11075 44820 0
79175 44820 2
38325 44820 5
55575 45093 0
54325 45093 6
76550 45146 0
76700 45146 2
69875 45146 0
44450 45146 0
69750 45146 2
3825 45203 0
10925 45203 0
33450 45203 0
33575 45203 0
33425 45256 0
32475 45256 0
32350 45256 0
32600 45256 0
58600 45256 0
59750 45256 0
59025 45309 0
58525 45309 0
60425 45309 0
59350 45309 0
59425 45362 0
75250 45362 0
75800 45362 0
75150 45415 0
75625 45415 0
75500 45415 0
75850 45415 0
75775 45468 0
75075 45468 0
75350 45468 0
60150 45521 0
59975 45574 0
58825 45574 0
60125 45574 0
60050 45627 0
59650 45627 0
60275 45627 0
59125 45680 0
59575 45680 0
13650 46003 0
59800 46003 0
69600 46003 0
72500 46003 0
72650 46003 0
55150 46003 5
67925 46201 12
68050 46201 12
67850 46290 12
68175 46290 6
9000 46290 4
9575 46290 3
76725 46613 2
3800 46613 0
65725 46613 5
64975 46613 13
64675 46613 13
65600 46613 13
65650 46740 13
15900 46740 3
16900 46740 13
73475 46740 5
59150 47063 0
59025 47063 6
56500 47063 0
11250 47063 5
38625 47063 6
38688 47116 6
44288 47116 0
38563 47116 6
38500 47169 3
44250 47169 0
18725 47169 3
77100 47169 3
28975 47169 3
77600 47169 4
29875 47492 3
77625 47492 5
48950 47492 0
44300 47492 0
56700 47492 0
24575 47815 0
75425 47815 0
75700 47815 0
72738 47815 0
73975 47815 0
75875 47815 0
73500 47815 5
7675 47815 0
51642 48055 0
8975 48055 4
11225 48055 0
65775 48055 0
56275 48055 5
45575 48055 10
38688 48378 6
62375 48378 5
71250 48378 5
45075 48378 0
550 48378 3
64075 48378 0
58175 48378 0
72675 48701 0
67350 48701 0
33400 48701 0
75900 48701 14
69875 48701 0
68150 48701 0
72800 48701 0
68000 48701 0
10900 49024 0
275 49024 3
150 49024 3
675 49077 3
425 49077 3
925 49077 3
800 49077 3
550 49077 3
350 49130 3
75 49130 3
50750 49130 5
8825 49130 4
3225 49453 3
18900 49453 4
18900 49634 3
10475 49634 3
9650 49634 3
10000 49957 3
15400 49957 3
15600 49957 3
10700 50114 3
3975 50114 3
24225 50437 3
24875 50437 3
12963 50437 3
28775 50437 3
8550 50437 3
8825 50760 3
16425 50760 3
8700 50760 3
10550 50813 3
2125 50886 3
1975 50886 3
28800 50886 3
16425 50886 3
16350 50942 3
16475 50942 3
74025 50942 3
11075 51265 5
51175 51265 3
20550 51265 3
28825 51480 3
9500 51553 5
10900 51553 5
74025 51876 3
74000 51929 3
51050 51929 3
51175 51929 3
50925 51929 3
51350 52035 3
51375 52091 3
51250 52091 3
20625 52091 3
20750 52091 3
11800 52091 7
10900 52414 5
20371 52414 3
4775 52414 0
29975 52414 3
19775 52737 3
50925 52737 3
23625 52737 3
50800 52737 3
51050 52737 3
51325 52737 3
51200 52737 3
51125 52877 3
11825 52877 3
15700 52877 5
9700 52877 5
10900 52877 5
20225 52877 3
20825 53200 0
53125 53273 6
64200 53273 6
64075 53273 6
77600 53273 5
4875 53273 3
4900 53596 3
4775 53596 3
5050 53596 3
4600 53596 3
4650 53844 3
4900 53844 3
4525 53844 3
4775 53844 3
10300 53844 5
20225 53844 3
20900 54167 3
9225 54167 3
43525 54167 3
10000 54220 3
9850 54220 3
10150 54220 3
10325 54273 3
9925 54273 3
10075 54273 3
9775 54326 3
10225 54326 3
9225 54326 3
9250 54649 3
20671 54649 0
20546 54649 3
8825 54649 3
8900 54702 3
74625 54702 3
74575 54755 3
74700 54755 0
8825 54755 3
16325 54755 3
16650 54808 3
15125 54808 3
16025 54861 3
16175 54861 3
15325 54861 3
15900 54861 3
16750 54861 3
16625 54861 3
16550 54914 3
15000 54914 3
16250 54914 3
15300 54914 3
16100 54914 3
15125 54914 3
15225 54970 3
14925 54970 3
15100 54970 3
1075 55023 3
2150 55023 3
1825 55076 3
3500 55076 3
3375 55076 3
8550 55076 3
8425 55076 3
2500 55358 3
32475 55358 3
32350 55358 3
32225 55358 3
32575 55614 3
3375 55614 3
15975 55687 3
15850 55687 3
15375 55760 3
15675 55760 3
15250 55760 3
15525 55760 3
15450 55813 3
15825 55813 3
15600 55813 3
23475 55813 3
24550 55813 3
24125 55866 3
24525 55866 3
24100 55922 3
24225 55922 3
24350 55922 3
23850 55922 3
24575 55922 3
23700 55922 3
23975 55922 3
23525 55922 3
24325 55983 3
23775 55983 3
24450 55983 3
10475 55983 3
23988 55983 3
24113 55983 3
54325 55983 6
1000 55983 3
10625 55983 3
1325 56306 3
1450 56306 3
1575 56306 3
64900 56306 6
2655 56306 3
8625 56397 3
20521 56397 3
24463 56397 3
29200 56397 3
27025 56397 15
19325 56397 3
22250 56397 3
20975 56397 3
19525 56397 3
19400 56720 3
19225 56720 3
19700 56720 3
24463 56720 3
18300 56720 3
18600 56720 3
18425 56720 3
18400 57043 3
18525 57043 3
24463 57043 3
28975 57043 3
29100 57043 3
19400 57096 3
27100 57096 3
23550 57096 3
20050 57419 4
21050 57419 3
30050 57419 3
19550 57419 3
29750 57419 3
25575 57742 3
50775 57742 3
37400 57742 3
10400 57742 3
8475 57742 3
8750 57742 3
8350 57742 3
8875 57742 3
24538 57832 3
29225 57832 3
29100 57832 3
29350 57832 3
29475 57832 3
28975 57832 3
29600 57832 3
3225 57832 3
3575 57885 3
21125 57938 3
48525 57938 2
78925 57938 3
56000 57938 13
21825 57938 5
56000 58261 13
40050 58261 13
55875 58261 15
55750 58261 15
32975 58261 0
32825 58261 0
32575 58261 13
74050 58261 3
19625 58261 15
44100 58401 0
44250 58401 0
18125 58401 3
43450 58401 4
19550 58401 3
19975 58401 15
19850 58401 15
18900 58401 3
22875 58401 15
18825 58724 3
19900 58724 2
19775 58724 3
18100 58724 3
78675 58724 0
79100 58724 2
78825 58724 2
20200 58724 3
18825 59047 3
20446 59047 3
3825 59047 3
21625 59047 2
62650 59047 5
850 59047 3
18075 59047 3
18625 59370 3
18650 59423 3
19225 59423 3
19400 59423 15
3200 59423 3
5050 59423 3
74350 59423 6
20900 59423 3
18300 59423 3
18175 59423 3
18050 59423 3
4925 59487 3
77100 59487 0
74075 59487 3
18975 59487 3
20375 59556 3
20500 59556 3
20625 59556 3
20250 59556 3
20750 59556 3
3000 59556 3
43275 59879 0
35225 59879 0
45000 59879 0
53375 59879 0
49300 59879 0
43000 59879 4
45725 59879 0
50100 59879 0
43125 59879 0
46400 59879 0
39600 60202 3
18850 60202 3
18975 60202 3
19225 60202 3
18600 60202 3
18725 60202 3
19100 60202 3
4738 60202 3
28900 60202 3
3100 60525 3
2850 60525 3
2975 60525 3
3225 60525 3
20225 60525 3
34875 60525 0
35000 60525 0
13500 60848 0
13625 60848 0
14100 60848 3
32050 60848 3
14775 60848 0
52575 60848 6
52450 60848 6
49375 60848 0
2300 60848 3
18125 60848 0
44275 61171 0
18250 61171 0
18125 61171 0
24075 61171 13
26950 61171 3
23825 61171 5
36700 61171 4
23400 61171 0
25975 61171 7
23700 61171 7
29794 61171 4
26525 61171 7
23550 61494 0
30525 61494 7
30175 61494 0
35325 61494 15
35700 61494 0
23117 61494 3
35450 61494 0
29900 61494 3
36625 61494 3
23400 61494 3
25900 61494 7
36500 61494 3
36150 61494 3
35575 61494 7
36300 61494 5
65200 61494 5
23825 61494 5
31325 61817 3
27500 61817 16
23825 61817 3
35425 61817 3
36150 61817 3
34000 62140 5
68575 62140 2
21750 62140 5
21900 62140 5
36075 62140 3
35925 62140 3
31258 62140 0
36775 62140 3
34000 62463 3
68575 62463 2
68000 62463 0
36050 62463 3
35925 62463 3
32025 62463 13
22475 62463 13
31900 62463 5
33250 62463 13
37225 62786 0
25725 62786 5
25350 62786 4
33250 62786 13
31325 62786 0
76925 62786 0
31900 62786 5
55988 62786 13
55900 63109 13
56025 63109 13
42775 63109 7
31725 63109 5
32025 63109 5
55600 63109 0
42900 63109 0
67350 63109 0
25075 63109 0
21825 63432 5
21550 63432 6
26075 63432 0
30025 63432 0
26200 63432 7
27225 63432 11
40050 63432 0
40200 63432 0
40400 63432 0
27100 63432 11
43250 63432 0
23117 63755 3
68350 63755 1
43100 63755 0
43250 63755 0
32575 63755 6
68700 63755 2
68575 63755 2
31625 63755 0
21400 63755 5
26950 63755 0
31500 63755 0
26550 63755 0
26750 63755 0
31500 64078 0
26950 64078 0
27550 64078 0
21475 64078 6
26200 64401 7
52975 64401 0
40125 64401 0
31625 64401 0
31750 64401 0
25400 64401 0
28800 64401 0
27600 64401 0
31500 64401 0
22475 64401 5
22725 64401 0
77775 64401 0
22600 64401 0
31875 64401 0
26950 64401 0
27475 64401 0
27100 64401 0
25150 64401 0
29950 64401 0
44400 64401 0
19850 64724 7
23750 64724 3
19725 64724 7
27725 64724 0
27600 64724 0
21325 64724 7
26525 64724 7
26925 64724 7
21475 64724 5
28800 64724 0
27125 64724 0
40450 64724 0
42475 65047 4
25150 65047 0
16825 65047 0
11150 65047 0
26350 65047 0
50300 65047 0
49675 65047 0
49900 65047 0
23125 65047 0
28425 65047 0
28300 65047 0
50025 65047 0
28175 65047 0
40200 65047 0
41375 65370 0
40075 65370 0
23250 65370 0
77113 65370 0
40200 65370 0
67575 65370 0
27625 65370 0
17150 65370 0
21825 65693 0
22875 65693 0
44250 65693 0
26875 65693 0
27275 65693 0
22725 65693 0
40200 65693 0
77300 65693 2
30025 65693 0
23000 65693 0
23250 65693 0
37075 65693 0
37250 65693 0
23125 65693 0
40400 65693 0
37850 65693 0
28250 65693 0
41375 65693 0
42775 65693 7
42800 66016 0
41375 66016 0
53125 66016 6
28250 66016 0
25425 66016 0
30025 66016 0
27275 66016 0
77775 66016 0
28125 66016 0
29900 66016 0
30450 66016 4
27150 66016 0
17700 66016 0
50625 66016 0
31125 66016 0
30175 66016 0
30300 66016 0
40450 66016 0
77925 66339 0
30300 66339 0
43350 66339 0
48650 66339 0
21750 66339 5
30100 66339 0
28425 66339 0
79475 66339 0
67775 66339 5
73075 66339 0
65200 66339 12
26950 66339 4
70025 66339 0
29750 66339 4
17900 66339 0
76700 66662 5
79075 66662 5
78775 66662 5
31950 66662 5
29763 66662 4
2650 66662 3
2525 66662 3
13425 66662 3
23825 66662 3
28575 66662 3
33750 66662 3
36225 66662 15
68900 66662 6
36350 66662 15
21400 66662 5
26725 66662 0
21050 66662 3
23456 66662 5
27750 66985 0
26725 66985 0
23550 66985 5
24575 66985 7
21275 66985 7
21400 66985 7
24075 66985 5
23250 66985 7
23425 66985 7
23125 66985 7
30725 66985 7
23925 66985 5
26075 66985 17
30600 66985 17
38325 66985 17
31000 67308 5
40200 67308 7
23250 67308 7
23925 67308 5
24725 67308 7
24575 67308 7
20000 67308 5
23550 67308 5
2625 67308 3
2350 67308 3
3000 67308 3
2875 67308 3
2750 67308 3
2500 67308 3
23400 67308 5
23775 67308 5
11525 67308 3
11650 67308 3
19750 67308 3
11400 67308 3
21550 67308 3
79050 67631 2
22100 67631 0
3675 67631 3
40350 67631 0
41375 67631 0
48800 67631 2
34250 67631 3
50625 67631 0
34500 67631 0
3975 67631 3
2425 67631 3
34000 67631 3
925 67631 3
34375 67631 3
34125 67631 3
2300 67631 3
3163 67631 3
725 67631 3
850 67954 3
4800 67954 3
5050 67954 3
4675 67954 3
4925 67954 3
3825 67954 3
725 67954 4
30600 67954 17
33100 67954 3
32975 67954 3
31200 67954 3
34000 67954 3
40450 67954 0
32825 67954 3
31325 67954 3
27500 67954 3
68550 67954 2
23775 67954 3
20825 67954 3
30850 67954 17
30725 67954 17
40200 67954 7
24075 67954 3
24200 67954 3
41375 67954 7
23325 68277 0
41375 68277 7
78800 68277 9
79050 68277 9
78925 68277 9
39075 68277 4
40600 68277 4
39900 68277 0
40900 68277 4
52850 68277 6
52725 68277 6
19825 68277 7
79275 68277 0
77525 68277 0
41025 68277 18
18050 68600 3
41225 68600 0
38150 68600 0
37850 68600 0
41025 68600 0
21600 68600 2
27700 68600 2
34650 68600 2
37550 68600 2
37975 68600 2
2750 68600 3
64175 68600 12
57750 68600 0
3167 68600 3
3375 68600 3
58025 68923 0
64525 68923 0
67575 68923 0
76900 68923 0
73075 68923 0
51567 68923 0
42875 68923 7
56025 68923 2
12838 68923 3
13088 68923 3
13213 68923 3
12963 68923 3
35325 68923 15
76550 68923 2
72950 68923 6
42525 68923 0
41225 68923 0
41100 68923 0
58375 68923 0
42400 68923 0
35750 68923 0
39800 68923 0
39925 68923 15
68400 69246 2
54575 69246 0
1950 69246 3
1825 69246 3
18325 69246 0
27975 69246 0
25750 69246 4
22875 69246 4
18200 69246 4
9050 69246 4
67925 69246 12
66050 69246 12
65250 69246 12
76750 69246 2
38150 69246 0
28425 69246 0
9550 69246 3
1325 69246 3
32900 69246 0
54450 69246 1
9425 69246 3
9675 69246 3
9275 69569 3
9150 69569 3
9025 69569 3
37700 69569 0
23600 69569 0
26800 69569 0
13425 69569 0
22100 69569 0
20000 69569 4
19625 69569 3
21700 69569 3
21575 69569 3
36300 69569 3
50625 69569 3
19750 69569 3
1200 69569 3
1975 69569 3
950 69569 3
1450 69569 3
1325 69569 3
1850 69569 3
1725 69569 3
0 69569 3
9400 69569 3
1075 69569 3
21825 69569 2
21800 69892 2
4050 69892 3
1650 69892 3
68475 69892 2
3300 69892 3
2350 69892 3
1925 69892 3
21925 69892 9
3750 69892 3
2225 69892 3
42600 69892 9
42175 69892 9
42450 69892 9
41825 69892 9
33325 69892 9
42300 69892 9
28400 69892 9
27500 69892 9
25725 69892 3
23775 69892 3
41950 69892 0
2050 69892 3
3450 69892 3
11650 69892 3
42900 69892 0
42775 70215 7
42300 70215 7
42100 70215 7
2025 70215 3
2150 70215 3
57825 70215 0
36275 70215 3
36150 70215 3
40625 70215 0
50300 70215 0
57450 70215 0
56175 70215 0
56550 70215 0
40900 70215 0
40750 70215 0
57050 70215 0
57575 70215 0
56300 70215 0
57300 70215 0
57175 70215 0
66200 70215 0
56425 70215 0
55500 70215 5
40625 70538 0
40900 70538 0
50275 70538 7
36150 70538 3
79200 70538 2
19550 70538 7
53525 70538 0
18050 70538 0
59300 70538 0
77425 70538 0
22725 70538 5
22600 70538 4
32875 70538 3
33000 70538 3
33125 70538 3
28575 70538 0
27975 70538 0
28425 70538 0
30925 70538 7
21550 70538 7
20663 70538 7
40275 70538 13
30800 70538 7
31400 70538 7
73550 70538 5
69900 70538 5
70025 70538 5
24950 70538 0
25575 70538 0
52275 70538 4
41300 70861 0
72500 70861 0
74275 70861 0
41175 70861 0
75975 70861 0
49950 70861 0
49825 70861 0
52650 70861 0
51450 70861 0
56550 70861 0
50000 71184 0
73700 71184 0
57675 71184 0
34650 71184 0
42225 71184 0
42425 71184 0
32088 71184 0
79700 71184 0
13500 71184 0
16313 71184 6
17850 71184 6
13925 71184 5
28575 71184 5
52975 71184 0
43175 71184 0
50125 71184 0
57050 71184 0
35350 71184 0
39375 71184 0
34775 71184 0
34900 71184 0
35025 71184 0
35150 71184 0
35475 71507 5
35225 71507 0
35350 71507 0
28425 71507 0
57050 71507 0
57175 71507 0
77625 71507 5
57675 71507 0
57550 71507 0
57425 71507 0
57300 71507 0
11400 71507 0
64975 71507 0
74013 71507 10
73825 71507 10
77825 71507 0
77275 71507 0
22525 71507 0
31150 71507 0
57850 71507 0
58225 71507 15
58225 71830 15
11250 71830 0
45963 71830 0
38413 71830 0
58100 71830 0
39300 71830 0
64825 71830 9
42425 71830 0
39125 71830 0
56975 71830 0
39000 71830 0
33750 71830 0
33625 71830 0
41950 71830 0
39425 71830 0
36925 71830 0
33500 71830 0
50625 71830 0
50450 71830 0
72475 71830 0
54575 71830 2
48875 71830 2
41450 71830 4
22725 71830 0
57675 72153 0
68775 72153 2
46150 72153 0
45550 72153 0
53275 72153 0
65350 72153 0
73825 72153 0
55675 72153 0
58000 72153 0
30100 72153 0
33650 72153 0
33775 72153 0
58225 72153 0
58375 72153 0
65075 72153 0
14850 72153 0
10900 72153 5
23938 72153 0
67575 72153 0
50475 72153 0
67450 72153 0
67700 72153 0
24225 72153 0
60350 72153 0
64900 72153 6
22875 72153 0
47300 72476 0
79725 72476 0
77850 72476 0
35388 72476 0
31250 72476 0
36500 72476 0
32750 72476 0
38525 72476 0
37775 72476 0
36888 72476 0
67775 72476 5
53125 72476 7
54525 72476 6
53475 72476 6
57025 72476 6
54400 72476 6
10825 72476 0
11325 72476 0
25350 72476 0
40675 72476 4
37013 72476 0
29138 72476 5
27000 72476 4
8000 72476 5
52875 72476 9
11200 72476 0
52725 72476 0
40550 72476 0
53000 72476 6
26875 72476 0
49325 72476 10
72150 72476 0
41950 72476 0
42525 72476 0
22950 72476 0
80000 72799 0
42025 72799 0
79875 72799 0
77825 72799 0
37650 72799 0
76975 72799 0
65175 72799 6
64350 72799 12
72950 72799 6
37775 72799 0
77125 72799 0
78275 72799 0
79125 72799 5
79475 72799 0
79600 72799 0
73075 72799 0
79725 72799 0
21475 72799 5
48950 72799 0
57263 72799 0
58250 73122 0
73775 73122 5
73975 73122 5
47688 73122 14
64350 73122 2
30025 73122 0
49325 73122 10
52800 73122 0
66125 73122 0
64600 73122 2
58375 73122 0
77350 73122 2
73150 73122 0
18125 73122 0
79375 73122 0
79500 73122 0
75350 73122 0
77125 73122 0
64475 73122 0
64725 73122 2
64975 73122 2
47450 73122 0
64850 73122 2
78575 73122 0
71900 73122 2
78300 73122 2
78175 73122 2
73025 73122 2
39600 73122 3
77000 73122 0
78425 73122 2
71500 73122 2
78050 73122 2
32675 73445 0
77800 73445 0
79500 73445 0
78700 73445 2
77950 73445 0
78250 73445 2
64763 73445 2
73025 73445 0
78850 73445 2
77425 73445 0
72025 73445 0
71775 73445 2
76350 73445 2
71650 73445 2
71900 73445 2
79625 73445 0
78425 73445 0
79250 73445 2
78975 73445 2
77550 73445 0
78575 73445 2
77675 73445 0
79375 73445 0
32550 73445 0
78100 73445 2
64613 73445 2
58238 73445 2
64425 73445 2
64913 73445 2
69413 73445 0
79100 73445 2
77475 73768 2
22025 73768 0
78475 73768 2
31075 73768 0
40450 73768 0
71675 73768 9
68767 73768 9
62950 73768 9
72900 73768 2
32675 73768 0
51550 73768 0
51800 73768 0
73025 73768 2
13850 73768 0
58450 73768 0
53863 73768 6
51675 73768 0
77200 73768 0
22150 73768 0
7900 73768 0
55375 73768 0
13725 73768 0
79175 73768 2
77350 73768 2
63425 73768 0
73900 73768 0
28325 73768 0
71275 73768 0
71025 73768 0
72075 73768 0
71550 73768 0
72400 73768 0
71800 73768 0
71400 73768 0
72250 73768 0
71150 73768 0
72175 74091 0
72050 74091 0
72625 74091 0
72750 74091 0
70950 74091 0
72500 74091 0
72375 74091 0
79800 74091 0
74425 74091 0
30100 74091 0
27950 74091 0
27075 74091 0
28200 74091 0
27700 74091 0
27200 74091 0
27325 74091 0
28075 74091 0
27575 74091 0
27450 74091 0
27825 74091 0
80550 74091 2
81050 74091 2
80675 74091 2
79925 74091 2
80800 74091 2
80300 74091 2
80175 74091 2
80050 74091 2
80425 74091 2
80925 74091 2
81175 74091 2
81300 74091 2
83879 74091 2
84004 74091 15
84713 74091 2
84513 74091 2
83754 74091 3
84238 74091 15
84238 74217 15
83813 74217 15
84388 74217 15
84513 74217 15
84788 74217 15
84913 74217 15
83988 74217 2
83563 74217 15
82438 74217 15
82313 74217 15
82063 74217 15
83313 74217 15
83438 74217 15
82813 74217 15
82563 74217 15
83063 74217 15
82938 74217 15
83188 74217 15
82688 74217 15
81688 74217 15
81563 74217 15
84638 74217 15
81813 74217 15
82188 74217 15
84113 74217 15
83688 74217 15
81938 74217 15
81438 74217 15
81313 74217 15
83438 74427 15
85113 74427 0
85238 74427 0
84988 74427 0
86363 74427 10
86488 74427 10
85738 74427 10
86613 74427 10
86863 74427 10
85488 74427 10
85863 74427 10
85988 74427 10
86238 74427 10
86113 74427 10
86738 74427 10
85613 74427 10
85363 74427 10
87113 74427 8
86988 74427 8
88938 74427 7
88813 74427 7
88063 74427 7
87938 74427 7
87363 74427 7
88313 74427 7
88438 74427 7
87563 74427 7
87238 74427 7
88688 74427 7
89188 74427 7
88188 74427 7
89063 74427 7
89504 74427 7
88563 74427 7
88463 74634 7
87688 74634 7
87438 74634 7
89254 74634 7
87813 74634 7
87938 74634 7
88188 74634 7
89504 74634 7
89379 74634 7
88338 74634 7
87563 74634 7
89129 74634 7
89629 74634 0
89754 74634 0
90004 74634 16
89879 74634 16
90254 74634 2
90129 74634 2
90379 74634 0
90629 74634 0
90504 74634 0
90879 74634 0
90754 74634 0
91004 74634 3
91129 74634 3
91379 74634 2
91254 74634 2
91504 74634 2
91504 74897 2
91754 74897 2
91629 74897 2
91879 74897 2
92004 74897 2
92379 74897 2
92629 74897 2
92129 74897 2
92254 74897 2
92504 74897 2
92879 74897 2
92754 74897 2
93004 74897 0
93129 74897 0
93254 74897 0
93504 74897 0
93379 74897 0
94004 74897 7
93879 74897 7
93754 74897 7
93629 74897 7
94129 74897 0
94254 74897 0
94504 74897 3
94379 74897 3
94629 74897 0
94754 74897 0
94879 74897 0
95004 74897 0
95129 74897 0
95379 74897 0
95254 74897 0
95629 74897 0
95504 74897 0
96267 75003 0
96017 75003 0
95642 75003 0
96142 75003 0
95892 75003 0
95767 75003 0
96642 75003 0
96392 75003 0
96767 75003 0
96892 75003 0
96517 75003 0
97142 75003 0
97267 75003 0
97017 75003 0
97517 75003 5
97392 75003 5
97642 75003 5
97767 75003 8
97892 75003 8
98642 75003 0
99017 75003 0
98767 75003 0
98267 75003 0
98017 75003 0
98892 75003 0
98517 75003 0
98142 75003 0
98392 75003 0
99142 75003 0
99267 75003 0
99767 75003 0
99642 75003 13
99517 75003 13
99392 75003 13
100142 75003 0
100017 75003 0
99892 75003 0
100279 75110 11
100154 75110 11
100404 75110 11
100779 75110 0
100654 75110 0
100904 75110 0
100529 75110 0
101029 75110 0
101154 75110 18
101279 75110 18
101404 75110 0
101529 75110 0
101654 75110 0
101779 75110 4
101904 75110 4
102154 75110 11
102029 75110 11
102529 75110 4
102904 75110 4
102404 75110 4
102654 75110 4
102779 75110 4
103029 75110 4
103154 75110 4
102279 75110 4
103279 75110 2
103404 75110 2
103417 75224 0
103667 75224 0
103542 75224 0
103917 75224 2
103792 75224 2
104042 75224 2
104292 75224 7
104167 75224 7
104792 75224 15
104667 75224 15
104542 75224 15
104417 75224 15
105292 75224 13
104917 75224 13
105417 75224 13
105042 75224 13
105167 75224 13
105542 75224 13
105792 75224 13
105667 75224 13
106167 75224 0
106042 75224 0
105917 75224 0
106417 75224 2
106292 75224 2
106792 75224 15
106542 75224 15
106667 75224 15
106529 75318 15
106804 75318 5
106929 75318 5
107429 75318 15
107304 75318 15
107179 75318 15
107054 75318 15
107679 75318 10
107554 75318 10
107929 75318 5
107804 75318 5
108179 75318 7
108554 75318 7
108929 75318 7
108304 75318 7
108679 75318 7
108054 75318 7
108429 75318 7
108804 75318 7
109554 75318 0
110304 75318 0
110179 75318 0
109429 75318 0
109804 75318 0
109304 75318 0
109679 75318 0
110054 75318 0
109179 75318 0
110429 75318 0
109929 75318 0
109054 75318 0
109554 75445 0
110879 75445 5
110504 75445 5
110629 75445 5
110754 75445 5
111004 75445 5
111254 75445 19
111379 75445 19
111129 75445 19
111504 75445 20
111629 75445 6
111754 75445 6
111879 75445 6
112004 75445 0
112129 75445 0
112379 75445 0
112504 75445 0
112254 75445 0
112629 75445 3
112754 75445 3
112879 75445 1
113004 75445 1
113129 75445 2
113254 75445 2
113629 75445 7
113504 75445 7
113379 75445 7
113879 75445 17
113754 75445 17
114004 75445 19
114129 75445 19
114254 75445 19
114379 75445 5
114379 75539 4
114754 75539 5
114504 75539 5
114629 75539 5
114879 75539 5
115004 75539 5
115129 75539 5
115379 75539 3
115254 75539 3
115629 75539 0
115504 75539 0
115754 75539 0
115879 75539 0
116129 75539 0
116004 75539 0
116504 75539 0
116379 75539 0
116254 75539 0
116629 75539 0
116754 75539 0
117004 75539 0
117129 75539 0
116879 75539 0
117254 75539 5
117379 75539 5
117504 75539 5
117629 75539 5
117879 75539 0
117754 75539 0
118004 75539 0
118129 75539 0
118254 75539 0
118642 75625 0
118892 75625 0
118267 75625 0
118517 75625 0
118392 75625 0
118767 75625 0
119017 75625 16
119142 75625 16
119267 75625 0
119392 75625 0
119642 75625 2
119517 75625 2
119767 75625 2
120017 75625 10
120142 75625 10
119892 75625 10
120392 75625 4
120517 75625 4
120267 75625 4
120767 75625 7
120642 75625 7
121017 75625 0
120892 75625 0
121267 75625 18
121142 75625 18
121517 75625 17
121392 75625 17
121642 75625 0
121767 75625 0
121892 75625 0
122017 75625 0
122267 75625 21
122142 75625 21
122392 75625 0
122642 75625 0
123629 75625 0
124517 75625 0
122767 75625 0
123142 75625 0
124767 75625 0
123392 75625 0
123267 75625 0
124642 75625 0
122517 75625 0
123017 75625 0
124392 75625 0
122892 75625 0
124292 75948 0
124167 75948 0
123917 75948 0
124042 75948 0
123792 75948 0
123667 75948 0
124417 75948 0
123292 75948 0
123417 75948 0
123542 75948 0
123167 75948 0
124892 75948 0
124767 75948 0
124642 75948 0
125142 75948 0
125017 75948 0
125267 75948 0
125392 75948 0
125517 75948 1
125642 75948 1
125767 75948 1
126142 75948 0
125892 75948 0
126392 75948 0
126267 75948 0
126017 75948 0
126642 75948 0
126517 75948 0
127017 75948 6
127142 75948 6
127267 75948 6
126892 75948 6
126767 75948 6
127392 75948 0
127517 75948 0
127642 75948 0
127767 75948 0
128392 75948 0
128267 75948 0
128017 75948 0
127892 75948 0
128142 75948 0
128517 75948 0
128642 75948 0
128517 76033 0
128792 76033 0
128917 76033 0
128667 76033 0
129167 76033 0
129292 76033 0
129042 76033 0
129542 76033 0
129667 76033 0
129417 76033 0
129917 76033 0
130042 76033 0
129792 76033 0
130167 76033 3
130292 76033 3
130542 76033 0
130667 76033 0
130417 76033 0
130917 76033 0
130792 76033 0
131042 76033 0
131167 76033 0
131417 76033 0
131542 76033 0
131292 76033 0
131667 76033 6
131792 76033 6
132042 76033 2
131917 76033 2
132167 76033 0
132292 76033 0
132417 76033 0
132667 76033 0
132542 76033 0
132792 76033 0
132917 76033 0
133042 76033 0
133167 76033 0
133292 76033 0
