385
391
383
358
368
392
394
394
396
397
384
383
396
396
396
397
397
397
397
366
321
369
371
371
373
373
373
376
379
379
379
380
381
383
383
383
383
384
384
384
384
385
385
384
388
388
389
389
390
390
389
391
392
392
393
393
393
394
395
373
386
394
393
396
397
393
393
391
393
390
396
339
362
384
393
378
376
397
348
368
395
397
371
395
395
396
394
395
372
369
375
368
370
380
382
380
376
365
368
373
372
363
392
356
387
364
389
360
397
323
360
361
396
167
164
378
334
254
299
325
301
343
343
285
298
349
350
370
329
357
379
378
387
358
382
381
395
388
378
395
381
361
393
346
360
362
323
385
308
352
380
356
382
363
352
365
388
370
332
351
390
396
361
384
328
295
390
377
170
383
369
372
320
364
372
382
376
390
361
360
321
312
354
368
356
359
371
364
335
367
321
365
310
383
377
382
358
389
354
339
364
362
350
360
322
359
352
377
364
372
375
382
386
286
313
397
384
386
386
387
388
388
389
390
390
381
393
383
395
396
383
379
393
392
373
374
376
376
376
379
379
379
379
383
379
379
379
379
379
380
381
381
382
382
387
379
381
390
388
383
383
383
385
385
385
385
386
386
387
387
382
388
389
389
389
389
390
391
393
383
394
395
396
396
396
371
345
396
227
391
331
362
363
381
337
391
341
318
385
378
385
386
372
394
373
354
329
304
387
394
334
362
358
387
335
333
373
360
384
340
365
397
385
377
371
392
381
359
397
382
354
387
392
396
365
371
392
392
383
375
363
355
360
366
338
345
389
390
280
309
385
377
390
379
205
373
379
382
358
391
379
367
340
363
333
395
380
361
367
392
359
365
392
397
369
346
363
389
368
386
386
376
388
370
370
358
345
379
361
361
384
366
318
374
375
389
384
387
359
390
388
386
386
386
397
384
386
386
396
394
384
394
396
387
388
392
382
390
394
389
388
388
389
388
384
395
391
381
387
384
360
362
395
352
382
378
370
367
371
394
395
387
382
381
385
388
393
193
392
392
371
183
367
328
334
377
367
337
369
391
368
357
272
295
214
329
325
396
385
365
380
360
359
357
388
387
369
354
224
227
375
296
386
262
227
392
389
393
381
375
384
389
230
375
324
276
265
257
157
175
393
392
395
386
393
372
381
370
352
360
370
371
370
371
376
378
378
381
382
382
385
385
386
387
387
388
390
389
393
395
397
397
397
386
385
385
323
376
366
323
393
359
396
390
378
320
351
345
377
377
361
353
358
380
378
161
384
159
336
397
381
379
382
392
368
388
354
393
264
299
383
370
390
384
276
345
345
396
397
371
372
300
240
364
393
371
384
378
371
378
384
388
387
396
383
384
188
389
305
394
383
386
379
384
395
395
323
317
384
138
396
386
392
368
384
395
385
347
388
355
386
361
168
194
223
242
267
282
361
173
396
327
392
382
394
377
395
388
391
395
377
180
355
363
363
364
365
366
368
369
369
370
372
373
373
374
375
378
379
379
380
381
381
382
383
383
384
384
384
385
387
396
397
359
266
366
396
377
379
276
304
320
334
198
377
342
373
339
359
395
373
385
317
329
378
295
320
387
103
271
285
265
256
226
248
195
228
167
211
142
200
302
299
384
388
370
369
328
345
395
378
387
233
210
179
294
309
392
316
397
396
372
373
270
313
363
269
233
387
294
291
300
271
172
379
380
381
381
385
385
395
395
395
274
222
265
236
249
261
391
310
386
342
390
393
356
373
365
394
333
361
350
360
395
376
360
192
395
382
378
206
190
193
216
198
171
194
226
227
211
215
225
217
240
240
235
237
230
215
169
265
172
226
243
234
243
239
237
250
242
258
162
228
252
196
222
315
358
394
204
282
271
271
282
280
298
273
281
276
282
220
246
296
241
335
321
326
333
329
334
328
328
308
307
222
225
302
207
254
254
229
321
352
363
351
361
337
340
365
337
332
358
344
345
345
352
337
353
364
331
352
332
294
293
322
347
343
325
394
394
396
174
272
366
375
371
365
369
364
365
372
380
375
368
374
367
371
377
368
369
373
372
370
388
386
394
388
279
392
396
369
365
383
374
386
392
355
313
345
226
147
151
114
124
130
229
223
140
148
171
151
220
238
238
231
231
172
200
182
154
117
255
101
150
169
139
159
172
243
229
397
355
373
365
368
151
165
176
165
166
164
165
275
270
213
359
236
60
61
62
67
73
95
92
109
153
235
237
203
227
224
396
265
254
267
280
286
295
291
253
237
375
356
390
259
300
251
324
295
390
369
219
223
221
220
260
283
291
372
272
227
221
220
323
249
221
262
271
270
268
260
255
269
240
328
205
356
362
155
187
325
299
312
174
318
229
230
216
212
226
351
198
273
274
274
266
274
370
356
273
275
307
250
257
364
393
365
372
238
346
213
213
115
131
66
91
185
84
91
123
74
168
81
134
75
74
112
94
166
99
96
114
128
118
71
126
384
79
119
86
102
108
122
135
388
61
69
120
143
172
152
158
368
247
161
164
48
58
42
51
184
19
28
38
196
220
24
47
43
28
25
40
39
206
262
295
396
68
13
20
108
30
25
231
244
252
41
285
140
383
310
301
287
383
389
99
47
35
54
34
48
65
65
72
7
21
289
242
78
73
47
71
86
70
79
75
390
93
90
92
80
106
35
69
274
10
123
17
124
120
41
52
91
4
86
104
349
366
50
199
164
195
181
163
185
107
100
97
198
113
228
190
216
131
253
222
260
139
201
168
134
363
76
115
141
193
383
110
82
99
138
161
90
170
181
151
166
27
31
186
291
118
85
107
99
373
143
132
98
89
188
168
201
147
145
333
362
142
187
200
44
138
125
212
393
391
395
165
357
156
389
383
342
333
38
101
270
242
208
160
138
124
94
363
74
46
62
128
29
46
45
21
14
25
37
32
26
22
18
24
53
12
5
18
87
11
36
62
15
23
64
59
264
241
317
322
329
326
60
43
221
182
174
248
121
331
100
282
264
227
361
162
390
394
352
391
382
381
397
396
389
391
385
379
341
341
316
351
351
395
10
381
365
338
394
307
381
383
318
383
293
279
3
3
9
165
262
8
379
6
266
267
247
369
362
351
337
327
303
14
357
346
376
228
343
150
158
388
298
327
340
344
392
342
377
321
358
378
304
288
264
251
259
295
16
395
375
376
377
377
55
395
344
321
324
334
371
371
341
368
397
378
392
315
310
177
78
86
120
139
156
248
243
219
376
128
105
392
388
152
380
389
391
393
396
397
205
215
99
116
86
105
127
144
150
166
216
150
371
376
369
368
374
362
363
375
391
371
343
355
391
356
397
310
342
335
331
355
353
275
301
257
251
224
232
212
191
165
139
354
370
335
219
314
293
269
245
345
347
272
127
153
199
206
218
202
226
240
273
305
321
347
358
372
381
383
397
177
208
230
131
303
10
395
396
298
320
63
83
396
388
393
57
77
88
32
22
33
48
55
69
386
356
382
349
348
357
350
354
351
343
373
332
357
334
335
359
360
375
337
365
319
352
377
367
300
332
356
122
62
345
274
345
350
356
351
354
363
367
347
372
373
385
366
325
372
178
223
226
232
223
396
327
365
389
320
341
121
210
348
356
366
379
367
371
323
359
337
340
355
313
339
329
337
361
358
340
344
344
344
256
361
389
358
380
385
396
386
388
387
388
396
318
331
293
305
289
397
397
385
191
267
385
387
389
343
343
373
386
330
373
341
367
328
364
363
363
364
354
159
265
373
396
394
377
359
393
157
162
49
125
147
82
62
391
252
379
362
378
354
56
389
248
342
344
113
344
368
354
352
381
196
359
375
369
136
245
344
376
215
189
375
189
2
306
283
296
375
350
370
397
90
364
376
341
374
271
358
353
235
213
220
373
348
293
395
349
342
381
377
388
388
390
392
151
225
389
395
381
379
392
382
392
377
397
356
374
391
375
327
394
396
397
396
389
376
389
388
390
384
395
397
354
395
373
382
396
395
309
389
393
371
395
179
283
367
337
313
389
382
235
245
387
391
311
391
374
322
356
381
383
383
382
387
389
382
115
263
279
278
277
276
274
273
273
273
272
272
271
271
270
269
269
365
395
268
156
162
151
157
165
166
158
153
159
162
394
397
382
381
381
378
377
380
355
378
393
368
394
383
372
397
362
395
369
379
393
345
377
373
394
328
381
150
173
382
355
366
281
285
309
339
256
208
216
352
197
150
370
346
255
242
224
383
179
191
156
297
332
347
382
394
383
358
394
310
380
307
382
365
387
362
343
351
375
384
369
262
262
344
380
306
354
367
378
349
309
287
363
375
391
373
389
397
375
373
314
319
364
371
396
395
370
384
359
390
389
365
358
383
369
394
391
366
370
395
397
372
372
391
386
384
392
364
393
386
361
256
237
263
391
366
355
381
378
394
371
396
379
354
324
300
397
372
370
370
395
368
343
349
321
340
341
348
350
243
219
268
292
286
379
354
354
314
354
323
320
296
246
284
278
245
221
298
240
246
215
326
351
322
317
296
323
245
225
201
348
365
380
389
366
358
341
376
363
338
333
358
333
395
370
185
209
376
384
364
352
369
380
390
377
395
370
380
378
354
393
368
368
370
395
372
357
332
332
365
391
340
340
365
388
389
364
350
324
348
360
385
300
314
324
290
94
74
195
170
213
190
345
370
374
349
149
102
85
120
129
127
129
154
358
355
386
395
333
390
379
329
376
380
305
391
378
369
394
363
393
377
361
386
386
274
266
261
241
392
367
149
152
127
384
359
236
259
366
391
190
160
137
4
2
375
349
324
344
332
302
311
277
303
249
225
373
348
269
294
253
253
253
277
145
168
187
387
362
365
384
340
267
242
226
202
160
167
137
205
229
193
219
216
214
216
191
339
364
111
132
386
361
397
363
394
381
384
359
359
387
362
185
163
311
287
1
0
350
375
392
367
253
277
157
122
109
133
132
132
131
131
131
131
131
130
130
130
130
131
122
130
130
129
129
129
129
128
128
221
204
234
188
165
248
224
386
360
335
368
369
371
344
345
309
334
381
378
396
370
345
252
228
161
138
235
227
201
198
176
146
165
124
372
347
347
217
201
194
175
195
200
170
198
147
348
373
363
383
338
202
180
296
320
200
225
178
393
368
379
354
251
227
251
111
132
83
100
226
226
202

