The graph has 122 components of the following sizes:
  2: 59
  3: 34
  4: 8
  5: 6
  6: 5
  8: 2
  9: 1
  10: 1
  13: 2
  25: 1
  27: 1
  36: 1
  1816: 1

There are no cycles. :)

There are 299 sources and 1267 sinks.

Indegrees:
  0: 299
  1: 1437
  2: 512
  3: 23
  4: 6
Outdegrees:
  0: 1267
  1: 613
  2: 183
  3: 68
  4: 38
  5: 27
  6: 14
  7: 11
  8: 9
  9: 4
  10: 6
  11: 9
  12: 5
  13: 3
  14: 3
  15: 1
  18: 1
  19: 1
  20: 1
  22: 1
  24: 1
  25: 2
  26: 2
  27: 1
  32: 1
  39: 1
  42: 1
  43: 1
  56: 2

There are 378 year numbers.
1315 1363(2) 1380(2) 1406 1408 1416 1425 1433 1436 1440 1444 1446 1452 1453(2) 1457(2) 1462 1471(2) 1472(2) 1474(2) 1477(3) 1478 1480(2) 1481 1483(2) 1485 1486(3) 1487(2) 1492 1493 1494 1496 1497(2) 1499(4) 1502 1504 1506 1511(4) 1513(2) 1514 1515(4) 1518 1519 1520(2) 1521 1523 1524 1527(4) 1528(2) 1529(3) 1530 1531 1532(4) 1534 1535(3) 1536(2) 1537(4) 1540 1542(5) 1543(2) 1544(3) 1545(2) 1546(3) 1547(2) 1549(3) 1550(2) 1551 1553(4) 1554(2) 1555 1557 1559(5) 1560 1561 1562(6) 1563 1564(2) 1566(2) 1567 1569 1570 1571(3) 1572(4) 1573 1574 1576(2) 1580(2) 1582(7) 1583(3) 1584 1585(5) 1588 1589 1590(2) 1591(3) 1592(3) 1594(4) 1595 1596 1599(2) 1600(2) 1601 1602 1603(5) 1604 1605 1607(4) 1608 1610(3) 1611(2) 1612(5) 1613(3) 1614(3) 1615 1616(2) 1617(5) 1618(3) 1619(7) 1620(7) 1621(8) 1622(7) 1623(2) 1625(2) 1629(4) 1630(5) 1631(2) 1633 1634(3) 1635(4) 1636(2) 1638(2) 1639(2) 1640(4) 1641(3) 1642(3) 1643(3) 1644(6) 1645(5) 1646(5) 1647(3) 1649(3) 1650(5) 1651(2) 1652(3) 1653(3) 1654(3) 1655(6) 1657 1658(4) 1660(11) 1661(6) 1662(3) 1663(5) 1664(5) 1665(2) 1666(3) 1667(10) 1668(3) 1669(5) 1671(2) 1672(3) 1674(2) 1675 1676(2) 1677(2) 1679 1681 1682(3) 1683 1684(5) 1685(3) 1686 1687(4) 1688(3) 1689(3) 1690(7) 1691(3) 1692(2) 1693 1694(5) 1695 1696(7) 1697 1698(4) 1699(5) 1700 1702(3) 1703(4) 1704 1705 1706(4) 1707 1708 1709(3) 1710(3) 1711(5) 1712(5) 1713(2) 1714(4) 1715(10) 1716(3) 1717(2) 1718(3) 1719(5) 1720(5) 1721(6) 1722(5) 1723(5) 1724(3) 1725(10) 1726(9) 1727(6) 1728(7) 1729(2) 1730(5) 1731(3) 1732 1733(2) 1734(7) 1735(3) 1736(4) 1737(4) 1738 1739(6) 1740(2) 1742(6) 1743(5) 1744(2) 1745(4) 1746(4) 1747 1748(4) 1749(3) 1750(3) 1751(6) 1752(7) 1753(2) 1754(4) 1756(3) 1757(3) 1758(4) 1759 1760(3) 1761(3) 1762(2) 1763(5) 1764(3) 1765(3) 1766(9) 1767(4) 1768(7) 1769(3) 1770(6) 1771(7) 1772(6) 1773(6) 1774(10) 1775(6) 1776(2) 1777(5) 1778(5) 1779(2) 1780(4) 1781(4) 1782(3) 1783(6) 1784(3) 1785 1786(4) 1787(3) 1788(3) 1789 1790(3) 1792(2) 1793(2) 1794(5) 1795(3) 1796(9) 1797(4) 1799(8) 1800(10) 1801(5) 1802(2) 1803(5) 1804 1805(2) 1806(3) 1807 1808 1809(4) 1810(2) 1811(5) 1812(7) 1813(2) 1814(2) 1815(5) 1816(5) 1817(2) 1818 1819(3) 1820(5) 1821 1822(10) 1823(11) 1824(7) 1825(10) 1826(7) 1827(5) 1828(2) 1829(7) 1830(7) 1831(11) 1833(6) 1834(8) 1835(6) 1836(8) 1837(5) 1838(4) 1839(11) 1840(2) 1841(6) 1842(10) 1843(9) 1844(6) 1845(14) 1846(14) 1847(13) 1848(4) 1849(6) 1850(4) 1851(4) 1852(7) 1853(14) 1854(11) 1855(4) 1856(14) 1857(15) 1858(16) 1859(11) 1860(20) 1861(21) 1862(18) 1863(18) 1864(17) 1865(23) 1866(19) 1867(29) 1868(18) 1869(18) 1870(25) 1871(21) 1872(25) 1873(30) 1874(20) 1875(39) 1876(15) 1877(32) 1878(24) 1879(28) 1880(33) 1881(50) 1882(27) 1883(42) 1884(38) 1885(48) 1886(50) 1887(41) 1888(42) 1889(34) 1890(39) 1891(45) 1892(30) 1893(35) 1894(41) 1895(43) 1896(36) 1897(57) 1898(56) 1899(54) 

There are 22 countries.
  empty: 20
  Austria: 76
  Belgium: 29
  Brazil: 1
  CzechRepublic: 11
  Denmark: 4
  Estonia: 3
  Finland: 7
  France: 118
  Germany: 1426
  Greece: 3
  Italy: 87
  Netherlands: 441
  Norway: 4
  Poland: 9
  Russia: 21
  Slovenia: 2
  Spain: 4
  Sweden: 26
  Switzerland: 56
  Ukraine: 2
  UnitedKingdom: 57
  UnitedStates: 147
